-78.6660,-100.0000
-28.6660,-100.0000
21.3340,-100.0000
71.3340,-100.0000
121.3340,-100.0000
171.3340,-100.0000
221.3340,-100.0000
271.3340,-100.0000
321.3340,-100.0000
371.3340,-100.0000
421.3340,-100.0000
471.3340,-100.0000
521.3340,-100.0000
571.3340,-100.0000
621.3340,-100.0000
671.3340,-100.0000
721.3340,-100.0000
771.3340,-100.0000
821.3340,-100.0000
871.3340,-100.0000
921.3340,-100.0000
956.6893,-65.7766
992.0447,-29.2893
1027.4000,6.0660
1062.7554,41.4213
1098.1107,75.7766
1121.3340,100.0000
1171.3340,100.0000
1221.3340,100.0000
1271.3340,100.0000
1321.3340,100.0000
1371.3340,100.0000
1421.3340,100.0000
1471.3340,100.0000
1521.3340,100.0000
1571.3340,100.0000
1621.3340,100.0000
1671.3340,100.0000
1721.3340,100.0000
1771.3340,100.0000
1821.3340,100.0000
1871.3340,100.0000
1921.3340,100.0000
1971.3340,100.0000
2021.3340,100.0000
2071.3340,100.0000
2121.3340,100.0000
